# y,eta,chord,ellipse,schrenk,cl
4.000000,1.000000,0.833333,0.000000,0.416667,0.500000
3.995996,0.998999,0.834168,0.071194,0.452681,0.542674
3.991992,0.997998,0.835002,0.100658,0.467830,0.560274
3.987988,0.996997,0.835836,0.123250,0.479543,0.573729
3.983984,0.995996,0.836670,0.142281,0.489476,0.585028
3.979980,0.994995,0.837504,0.159035,0.498270,0.594946
3.975976,0.993994,0.838338,0.174171,0.506254,0.603878
3.971972,0.992993,0.839173,0.188079,0.513626,0.612062
3.967968,0.991992,0.840007,0.201014,0.520510,0.619650
3.963964,0.990991,0.840841,0.213154,0.526997,0.626750
3.959960,0.989990,0.841675,0.224627,0.533151,0.633441
3.955956,0.988989,0.842509,0.235532,0.539021,0.639780
3.951952,0.987988,0.843343,0.245943,0.544643,0.645814
3.947948,0.986987,0.844178,0.255921,0.550049,0.651580
3.943944,0.985986,0.845012,0.265515,0.555263,0.657107
3.939940,0.984985,0.845846,0.274765,0.560305,0.662420
3.935936,0.983984,0.846680,0.283705,0.565192,0.667539
3.931932,0.982983,0.847514,0.292362,0.569938,0.672482
3.927928,0.981982,0.848348,0.300762,0.574555,0.677263
3.923924,0.980981,0.849183,0.308926,0.579054,0.681896
3.919920,0.979980,0.850017,0.316871,0.583444,0.686391
3.915916,0.978979,0.850851,0.324614,0.587733,0.690759
3.911912,0.977978,0.851685,0.332169,0.591927,0.695007
3.907908,0.976977,0.852519,0.339549,0.596034,0.699144
3.903904,0.975976,0.853353,0.346764,0.600059,0.703177
3.899900,0.974975,0.854188,0.353825,0.604006,0.707112
3.895896,0.973974,0.855022,0.360740,0.607881,0.710954
3.891892,0.972973,0.855856,0.367519,0.611687,0.714708
3.887888,0.971972,0.856690,0.374168,0.615429,0.718380
3.883884,0.970971,0.857524,0.380694,0.619109,0.721973
3.879880,0.969970,0.858358,0.387104,0.622731,0.725491
3.875876,0.968969,0.859193,0.393403,0.626298,0.728938
3.871872,0.967968,0.860027,0.399596,0.629811,0.732316
3.867868,0.966967,0.860861,0.405689,0.633275,0.735630
3.863864,0.965966,0.861695,0.411685,0.636690,0.738881
3.859860,0.964965,0.862529,0.417589,0.640059,0.742072
3.855856,0.963964,0.863363,0.423404,0.643384,0.745206
3.851852,0.962963,0.864198,0.429135,0.646666,0.748285
3.847848,0.961962,0.865032,0.434785,0.649908,0.751312
3.843844,0.960961,0.865866,0.440356,0.653111,0.754287
3.839840,0.959960,0.866700,0.445852,0.656276,0.757213
3.835836,0.958959,0.867534,0.451276,0.659405,0.760091
3.831832,0.957958,0.868368,0.456629,0.662499,0.762924
3.827828,0.956957,0.869203,0.461915,0.665559,0.765712
3.823824,0.955956,0.870037,0.467136,0.668586,0.768458
3.819820,0.954955,0.870871,0.472294,0.671582,0.771162
3.815816,0.953954,0.871705,0.477390,0.674548,0.773826
3.811812,0.952953,0.872539,0.482428,0.677483,0.776450
3.807808,0.951952,0.873373,0.487408,0.680391,0.779038
3.803804,0.950951,0.874208,0.492333,0.683270,0.781588
3.799800,0.949950,0.875042,0.497203,0.686123,0.784103
3.795796,0.948949,0.875876,0.502022,0.688949,0.786583
3.791792,0.947948,0.876710,0.506790,0.691750,0.789029
3.787788,0.946947,0.877544,0.511508,0.694526,0.791443
3.783784,0.945946,0.878378,0.516178,0.697278,0.793825
3.779780,0.944945,0.879213,0.520802,0.700007,0.796175
3.775776,0.943944,0.880047,0.525380,0.702713,0.798495
3.771772,0.942943,0.880881,0.529913,0.705397,0.800786
3.767768,0.941942,0.881715,0.534404,0.708059,0.803048
3.763764,0.940941,0.882549,0.538852,0.710701,0.805282
3.759760,0.939940,0.883383,0.543259,0.713321,0.807488
3.755756,0.938939,0.884218,0.547626,0.715922,0.809667
3.751752,0.937938,0.885052,0.551954,0.718503,0.811820
3.747748,0.936937,0.885886,0.556244,0.721065,0.813948
3.743744,0.935936,0.886720,0.560496,0.723608,0.816050
3.739740,0.934935,0.887554,0.564712,0.726133,0.818128
3.735736,0.933934,0.888388,0.568892,0.728640,0.820182
3.731732,0.932933,0.889223,0.573038,0.731130,0.822213
3.727728,0.931932,0.890057,0.577149,0.733603,0.824220
3.723724,0.930931,0.890891,0.581226,0.736059,0.826205
3.719720,0.929930,0.891725,0.585271,0.738498,0.828168
3.715716,0.928929,0.892559,0.589284,0.740922,0.830109
3.711712,0.927928,0.893393,0.593265,0.743329,0.832029
3.707708,0.926927,0.894228,0.597216,0.745722,0.833928
3.703704,0.925926,0.895062,0.601136,0.748099,0.835807
3.699700,0.924925,0.895896,0.605027,0.750462,0.837666
3.695696,0.923924,0.896730,0.608889,0.752810,0.839505
3.691692,0.922923,0.897564,0.612722,0.755143,0.841325
3.687688,0.921922,0.898398,0.616528,0.757463,0.843126
3.683684,0.920921,0.899233,0.620306,0.759769,0.844908
3.679680,0.919920,0.900067,0.624057,0.762062,0.846672
3.675676,0.918919,0.900901,0.627781,0.764341,0.848418
3.671672,0.917918,0.901735,0.631480,0.766607,0.850147
3.667668,0.916917,0.902569,0.635153,0.768861,0.851858
3.663664,0.915916,0.903403,0.638801,0.771102,0.853552
3.659660,0.914915,0.904238,0.642424,0.773331,0.855230
3.655656,0.913914,0.905072,0.646023,0.775547,0.856890
3.651652,0.912913,0.905906,0.649598,0.777752,0.858535
3.647648,0.911912,0.906740,0.653150,0.779945,0.860164
3.643644,0.910911,0.907574,0.656678,0.782126,0.861777
3.639640,0.909910,0.908408,0.660184,0.784296,0.863374
3.635636,0.908909,0.909243,0.663668,0.786455,0.864956
3.631632,0.907908,0.910077,0.667129,0.788603,0.866524
3.627628,0.906907,0.910911,0.670569,0.790740,0.868076
3.623624,0.905906,0.911745,0.673988,0.792866,0.869614
3.619620,0.904905,0.912579,0.677385,0.794982,0.871138
3.615616,0.903904,0.913413,0.680762,0.797088,0.872647
3.611612,0.902903,0.914248,0.684119,0.799183,0.874143
3.607608,0.901902,0.915082,0.687455,0.801269,0.875625
3.603604,0.900901,0.915916,0.690772,0.803344,0.877094
3.599600,0.899900,0.916750,0.694069,0.805410,0.878549
3.595596,0.898899,0.917584,0.697347,0.807466,0.879991
3.591592,0.897898,0.918418,0.700606,0.809512,0.881420
3.587588,0.896897,0.919253,0.703846,0.811549,0.882836
3.583584,0.895896,0.920087,0.707068,0.813577,0.884240
3.579580,0.894895,0.920921,0.710272,0.815596,0.885631
3.575576,0.893894,0.921755,0.713458,0.817606,0.887010
3.571572,0.892893,0.922589,0.716626,0.819607,0.888377
3.567568,0.891892,0.923423,0.719776,0.821600,0.889732
3.563564,0.890891,0.924258,0.722909,0.823583,0.891076
3.559560,0.889890,0.925092,0.726026,0.825559,0.892407
3.555556,0.888889,0.925926,0.729125,0.827526,0.893728
3.551552,0.887888,0.926760,0.732208,0.829484,0.895036
3.547548,0.886887,0.927594,0.735275,0.831434,0.896334
3.543544,0.885886,0.928428,0.738325,0.833377,0.897621
3.539540,0.884885,0.929263,0.741359,0.835311,0.898897
3.535536,0.883884,0.930097,0.744378,0.837237,0.900162
3.531532,0.882883,0.930931,0.747381,0.839156,0.901416
3.527528,0.881882,0.931765,0.750368,0.841067,0.902660
3.523524,0.880881,0.932599,0.753341,0.842970,0.903893
3.519520,0.879880,0.933433,0.756298,0.844866,0.905116
3.515516,0.878879,0.934268,0.759241,0.846754,0.906329
3.511512,0.877878,0.935102,0.762168,0.848635,0.907532
3.507508,0.876877,0.935936,0.765082,0.850509,0.908725
3.503504,0.875876,0.936770,0.767981,0.852375,0.909909
3.499499,0.874875,0.937604,0.770865,0.854235,0.911082
3.495495,0.873874,0.938438,0.773736,0.856087,0.912247
3.491491,0.872873,0.939273,0.776593,0.857933,0.913401
3.487487,0.871872,0.940107,0.779436,0.859771,0.914547
3.483483,0.870871,0.940941,0.782265,0.861603,0.915683
3.479479,0.869870,0.941775,0.785082,0.863428,0.916809
3.475475,0.868869,0.942609,0.787884,0.865247,0.917927
3.471471,0.867868,0.943443,0.790674,0.867059,0.919036
3.467467,0.866867,0.944278,0.793451,0.868864,0.920136
3.463463,0.865866,0.945112,0.796214,0.870663,0.921228
3.459459,0.864865,0.945946,0.798965,0.872456,0.922310
3.455455,0.863864,0.946780,0.801704,0.874242,0.923384
3.451451,0.862863,0.947614,0.804430,0.876022,0.924450
3.447447,0.861862,0.948448,0.807143,0.877796,0.925507
3.443443,0.860861,0.949283,0.809845,0.879564,0.926556
3.439439,0.859860,0.950117,0.812534,0.881325,0.927597
3.435435,0.858859,0.950951,0.815211,0.883081,0.928629
3.431431,0.857858,0.951785,0.817877,0.884831,0.929654
3.427427,0.856857,0.952619,0.820530,0.886575,0.930671
3.423423,0.855856,0.953453,0.823172,0.888313,0.931679
3.419419,0.854855,0.954288,0.825803,0.890045,0.932680
3.415415,0.853854,0.955122,0.828422,0.891772,0.933673
3.411411,0.852853,0.955956,0.831030,0.893493,0.934659
3.407407,0.851852,0.956790,0.833626,0.895208,0.935637
3.403403,0.850851,0.957624,0.836212,0.896918,0.936607
3.399399,0.849850,0.958458,0.838786,0.898622,0.937570
3.395395,0.848849,0.959293,0.841350,0.900321,0.938526
3.391391,0.847848,0.960127,0.843903,0.902015,0.939475
3.387387,0.846847,0.960961,0.846445,0.903703,0.940416
3.383383,0.845846,0.961795,0.848976,0.905386,0.941350
3.379379,0.844845,0.962629,0.851497,0.907063,0.942277
3.375375,0.843844,0.963463,0.854008,0.908736,0.943197
3.371371,0.842843,0.964298,0.856508,0.910403,0.944110
3.367367,0.841842,0.965132,0.858998,0.912065,0.945016
3.363363,0.840841,0.965966,0.861478,0.913722,0.945915
3.359359,0.839840,0.966800,0.863948,0.915374,0.946808
3.355355,0.838839,0.967634,0.866407,0.917021,0.947694
3.351351,0.837838,0.968468,0.868857,0.918663,0.948573
3.347347,0.836837,0.969303,0.871298,0.920300,0.949446
3.343343,0.835836,0.970137,0.873728,0.921932,0.950312
3.339339,0.834835,0.970971,0.876149,0.923560,0.951171
3.335335,0.833834,0.971805,0.878560,0.925183,0.952025
3.331331,0.832833,0.972639,0.880962,0.926801,0.952872
3.327327,0.831832,0.973473,0.883354,0.928414,0.953712
3.323323,0.830831,0.974308,0.885737,0.930022,0.954547
3.319319,0.829830,0.975142,0.888111,0.931626,0.955375
3.315315,0.828829,0.975976,0.890475,0.933226,0.956197
3.311311,0.827828,0.976810,0.892831,0.934821,0.957014
3.307307,0.826827,0.977644,0.895177,0.936411,0.957824
3.303303,0.825826,0.978478,0.897515,0.937997,0.958628
3.299299,0.824825,0.979313,0.899844,0.939578,0.959426
3.295295,0.823824,0.980147,0.902163,0.941155,0.960218
3.291291,0.822823,0.980981,0.904474,0.942728,0.961005
3.287287,0.821822,0.981815,0.906777,0.944296,0.961786
3.283283,0.820821,0.982649,0.909070,0.945860,0.962561
3.279279,0.819820,0.983483,0.911356,0.947420,0.963330
3.275275,0.818819,0.984318,0.913632,0.948975,0.964094
3.271271,0.817818,0.985152,0.915900,0.950526,0.964852
3.267267,0.816817,0.985986,0.918160,0.952073,0.965605
3.263263,0.815816,0.986820,0.920412,0.953616,0.966352
3.259259,0.814815,0.987654,0.922655,0.955155,0.967094
3.255255,0.813814,0.988488,0.924890,0.956689,0.967831
3.251251,0.812813,0.989323,0.927117,0.958220,0.968562
3.247247,0.811812,0.990157,0.929336,0.959747,0.969287
3.243243,0.810811,0.990991,0.931547,0.961269,0.970008
3.239239,0.809810,0.991825,0.933750,0.962788,0.970723
3.235235,0.808809,0.992659,0.935945,0.964302,0.971433
3.231231,0.807808,0.993493,0.938132,0.965813,0.972138
3.227227,0.806807,0.994328,0.940312,0.967320,0.972838
3.223223,0.805806,0.995162,0.942484,0.968823,0.973533
3.219219,0.804805,0.995996,0.944648,0.970322,0.974223
3.215215,0.803804,0.996830,0.946804,0.971817,0.974907
3.211211,0.802803,0.997664,0.948953,0.973309,0.975587
3.207207,0.801802,0.998498,0.951094,0.974796,0.976262
3.203203,0.800801,0.999333,0.953228,0.976280,0.976932
3.199199,0.799800,1.000167,0.955354,0.977761,0.977597
3.195195,0.798799,1.001001,0.957473,0.979237,0.978258
3.191191,0.797798,1.001835,0.959585,0.980710,0.978914
3.187187,0.796797,1.002669,0.961690,0.982179,0.979565
3.183183,0.795796,1.003504,0.963787,0.983645,0.980211
3.179179,0.794795,1.004338,0.965877,0.985107,0.980853
3.175175,0.793794,1.005172,0.967960,0.986566,0.981490
3.171171,0.792793,1.006006,0.970035,0.988021,0.982122
3.167167,0.791792,1.006840,0.972104,0.989472,0.982750
3.163163,0.790791,1.007674,0.974166,0.990920,0.983373
3.159159,0.789790,1.008509,0.976221,0.992365,0.983992
3.155155,0.788789,1.009343,0.978269,0.993806,0.984607
3.151151,0.787788,1.010177,0.980310,0.995243,0.985217
3.147147,0.786787,1.011011,0.982344,0.996677,0.985823
3.143143,0.785786,1.011845,0.984371,0.998108,0.986424
3.139139,0.784785,1.012679,0.986392,0.999536,0.987021
3.135135,0.783784,1.013514,0.988406,1.000960,0.987614
3.131131,0.782783,1.014348,0.990413,1.002380,0.988202
3.127127,0.781782,1.015182,0.992414,1.003798,0.988786
3.123123,0.780781,1.016016,0.994408,1.005212,0.989366
3.119119,0.779780,1.016850,0.996396,1.006623,0.989942
3.115115,0.778779,1.017684,0.998377,1.008031,0.990514
3.111111,0.777778,1.018519,1.000351,1.009435,0.991082
3.107107,0.776777,1.019353,1.002320,1.010836,0.991645
3.103103,0.775776,1.020187,1.004281,1.012234,0.992205
3.099099,0.774775,1.021021,1.006237,1.013629,0.992760
3.095095,0.773774,1.021855,1.008186,1.015021,0.993312
3.091091,0.772773,1.022689,1.010129,1.016409,0.993859
3.087087,0.771772,1.023524,1.012066,1.017795,0.994403
3.083083,0.770771,1.024358,1.013996,1.019177,0.994942
3.079079,0.769770,1.025192,1.015920,1.020556,0.995478
3.075075,0.768769,1.026026,1.017839,1.021932,0.996010
3.071071,0.767768,1.026860,1.019751,1.023305,0.996538
3.067067,0.766767,1.027694,1.021657,1.024675,0.997062
3.063063,0.765766,1.028529,1.023557,1.026043,0.997583
3.059059,0.764765,1.029363,1.025451,1.027407,0.998100
3.055055,0.763764,1.030197,1.027339,1.028768,0.998613
3.051051,0.762763,1.031031,1.029221,1.030126,0.999122
3.047047,0.761762,1.031865,1.031097,1.031481,0.999628
3.043043,0.760761,1.032699,1.032967,1.032833,1.000130
3.039039,0.759760,1.033534,1.034832,1.034183,1.000628
3.035035,0.758759,1.034368,1.036690,1.035529,1.001123
3.031031,0.757758,1.035202,1.038543,1.036873,1.001614
3.027027,0.756757,1.036036,1.040390,1.038213,1.002101
3.023023,0.755756,1.036870,1.042232,1.039551,1.002586
3.019019,0.754755,1.037704,1.044068,1.040886,1.003066
3.015015,0.753754,1.038539,1.045898,1.042218,1.003543
3.011011,0.752753,1.039373,1.047722,1.043548,1.004017
3.007007,0.751752,1.040207,1.049541,1.044874,1.004487
3.003003,0.750751,1.041041,1.051355,1.046198,1.004953
2.998999,0.749750,1.041875,1.053162,1.047519,1.005417
2.994995,0.748749,1.042709,1.054965,1.048837,1.005877
2.990991,0.747748,1.043544,1.056762,1.050153,1.006333
2.986987,0.746747,1.044378,1.058553,1.051465,1.006786
2.982983,0.745746,1.045212,1.060339,1.052775,1.007236
2.978979,0.744745,1.046046,1.062120,1.054083,1.007683
2.974975,0.743744,1.046880,1.063895,1.055388,1.008126
2.970971,0.742743,1.047714,1.065665,1.056690,1.008566
2.966967,0.741742,1.048549,1.067429,1.057989,1.009003
2.962963,0.740741,1.049383,1.069189,1.059286,1.009437
2.958959,0.739740,1.050217,1.070943,1.060580,1.009867
2.954955,0.738739,1.051051,1.072691,1.061871,1.010295
2.950951,0.737738,1.051885,1.074435,1.063160,1.010719
2.946947,0.736737,1.052719,1.076173,1.064446,1.011140
2.942943,0.735736,1.053554,1.077907,1.065730,1.011558
2.938939,0.734735,1.054388,1.079635,1.067011,1.011972
2.934935,0.733734,1.055222,1.081358,1.068290,1.012384
2.930931,0.732733,1.056056,1.083076,1.069566,1.012793
2.926927,0.731732,1.056890,1.084789,1.070839,1.013198
2.922923,0.730731,1.057724,1.086496,1.072110,1.013601
2.918919,0.729730,1.058559,1.088199,1.073379,1.014000
2.914915,0.728729,1.059393,1.089897,1.074645,1.014397
2.910911,0.727728,1.060227,1.091590,1.075908,1.014791
2.906907,0.726727,1.061061,1.093278,1.077169,1.015181
2.902903,0.725726,1.061895,1.094961,1.078428,1.015569
2.898899,0.724725,1.062729,1.096639,1.079684,1.015954
2.894895,0.723724,1.063564,1.098312,1.080938,1.016336
2.890891,0.722723,1.064398,1.099980,1.082189,1.016715
2.886887,0.721722,1.065232,1.101644,1.083438,1.017091
2.882883,0.720721,1.066066,1.103303,1.084684,1.017465
2.878879,0.719720,1.066900,1.104957,1.085928,1.017835
2.874875,0.718719,1.067734,1.106606,1.087170,1.018203
2.870871,0.717718,1.068569,1.108250,1.088409,1.018568
2.866867,0.716717,1.069403,1.109890,1.089646,1.018930
2.862863,0.715716,1.070237,1.111525,1.090881,1.019289
2.858859,0.714715,1.071071,1.113155,1.092113,1.019646
2.854855,0.713714,1.071905,1.114781,1.093343,1.020000
2.850851,0.712713,1.072739,1.116402,1.094571,1.020351
2.846847,0.711712,1.073574,1.118018,1.095796,1.020699
2.842843,0.710711,1.074408,1.119630,1.097019,1.021045
2.838839,0.709710,1.075242,1.121237,1.098240,1.021388
2.834835,0.708709,1.076076,1.122840,1.099458,1.021729
2.830831,0.707708,1.076910,1.124438,1.100674,1.022067
2.826827,0.706707,1.077744,1.126032,1.101888,1.022402
2.822823,0.705706,1.078579,1.127621,1.103100,1.022735
2.818819,0.704705,1.079413,1.129205,1.104309,1.023065
2.814815,0.703704,1.080247,1.130786,1.105516,1.023392
2.810811,0.702703,1.081081,1.132361,1.106721,1.023717
2.806807,0.701702,1.081915,1.133933,1.107924,1.024039
2.802803,0.700701,1.082749,1.135499,1.109124,1.024359
2.798799,0.699700,1.083584,1.137062,1.110323,1.024677
2.794795,0.698699,1.084418,1.138620,1.111519,1.024991
2.790791,0.697698,1.085252,1.140174,1.112713,1.025304
2.786787,0.696697,1.086086,1.141723,1.113905,1.025614
2.782783,0.695696,1.086920,1.143268,1.115094,1.025921
2.778779,0.694695,1.087754,1.144809,1.116282,1.026226
2.774775,0.693694,1.088589,1.146346,1.117467,1.026528
2.770771,0.692693,1.089423,1.147878,1.118650,1.026828
2.766767,0.691692,1.090257,1.149406,1.119831,1.027126
2.762763,0.690691,1.091091,1.150929,1.121010,1.027421
2.758759,0.689690,1.091925,1.152449,1.122187,1.027714
2.754755,0.688689,1.092759,1.153964,1.123362,1.028005
2.750751,0.687688,1.093594,1.155475,1.124535,1.028293
2.746747,0.686687,1.094428,1.156982,1.125705,1.028579
2.742743,0.685686,1.095262,1.158485,1.126874,1.028862
2.738739,0.684685,1.096096,1.159984,1.128040,1.029143
2.734735,0.683684,1.096930,1.161479,1.129204,1.029422
2.730731,0.682683,1.097764,1.162969,1.130367,1.029699
2.726727,0.681682,1.098599,1.164455,1.131527,1.029973
2.722723,0.680681,1.099433,1.165938,1.132685,1.030245
2.718719,0.679680,1.100267,1.167416,1.133841,1.030515
2.714715,0.678679,1.101101,1.168890,1.134996,1.030782
2.710711,0.677678,1.101935,1.170360,1.136148,1.031048
2.706707,0.676677,1.102769,1.171826,1.137298,1.031311
2.702703,0.675676,1.103604,1.173289,1.138446,1.031572
2.698699,0.674675,1.104438,1.174747,1.139592,1.031830
2.694695,0.673674,1.105272,1.176201,1.140737,1.032087
2.690691,0.672673,1.106106,1.177651,1.141879,1.032341
2.686687,0.671672,1.106940,1.179098,1.143019,1.032593
2.682683,0.670671,1.107774,1.180540,1.144157,1.032843
2.678679,0.669670,1.108609,1.181979,1.145294,1.033091
2.674675,0.668669,1.109443,1.183413,1.146428,1.033337
2.670671,0.667668,1.110277,1.184844,1.147560,1.033580
2.666667,0.666667,1.111111,1.186271,1.148691,1.033822
2.662663,0.665666,1.111945,1.187694,1.149820,1.034061
2.658659,0.664665,1.112779,1.189113,1.150946,1.034299
2.654655,0.663664,1.113614,1.190528,1.152071,1.034534
2.650651,0.662663,1.114448,1.191940,1.153194,1.034767
2.646647,0.661662,1.115282,1.193348,1.154315,1.034998
2.642643,0.660661,1.116116,1.194752,1.155434,1.035227
2.638639,0.659660,1.116950,1.196152,1.156551,1.035454
2.634635,0.658659,1.117784,1.197548,1.157666,1.035680
2.630631,0.657658,1.118619,1.198941,1.158780,1.035903
2.626627,0.656657,1.119453,1.200330,1.159891,1.036124
2.622623,0.655656,1.120287,1.201715,1.161001,1.036343
2.618619,0.654655,1.121121,1.203097,1.162109,1.036560
2.614615,0.653654,1.121955,1.204475,1.163215,1.036775
2.610611,0.652653,1.122789,1.205849,1.164319,1.036988
2.606607,0.651652,1.123624,1.207219,1.165422,1.037199
2.602603,0.650651,1.124458,1.208586,1.166522,1.037408
2.598599,0.649650,1.125292,1.209950,1.167621,1.037616
2.594595,0.648649,1.126126,1.211309,1.168718,1.037821
2.590591,0.647648,1.126960,1.212665,1.169813,1.038025
2.586587,0.646647,1.127794,1.214018,1.170906,1.038226
2.582583,0.645646,1.128629,1.215366,1.171997,1.038426
2.578579,0.644645,1.129463,1.216711,1.173087,1.038624
2.574575,0.643644,1.130297,1.218053,1.174175,1.038820
2.570571,0.642643,1.131131,1.219391,1.175261,1.039014
2.566567,0.641642,1.131965,1.220726,1.176345,1.039206
2.562563,0.640641,1.132799,1.222057,1.177428,1.039397
2.558559,0.639640,1.133634,1.223384,1.178509,1.039585
2.554555,0.638639,1.134468,1.224708,1.179588,1.039772
2.550551,0.637638,1.135302,1.226029,1.180665,1.039957
2.546547,0.636637,1.136136,1.227345,1.181741,1.040140
2.542543,0.635636,1.136970,1.228659,1.182815,1.040321
2.538539,0.634635,1.137804,1.229969,1.183887,1.040501
2.534535,0.633634,1.138639,1.231276,1.184957,1.040679
2.530531,0.632633,1.139473,1.232579,1.186026,1.040855
2.526527,0.631632,1.140307,1.233878,1.187093,1.041029
2.522523,0.630631,1.141141,1.235175,1.188158,1.041202
2.518519,0.629630,1.141975,1.236468,1.189221,1.041372
2.514515,0.628629,1.142809,1.237757,1.190283,1.041541
2.510511,0.627628,1.143644,1.239043,1.191343,1.041709
2.506507,0.626627,1.144478,1.240326,1.192402,1.041874
2.502503,0.625626,1.145312,1.241605,1.193458,1.042038
2.498498,0.624625,1.146146,1.242881,1.194514,1.042200
2.494494,0.623624,1.146980,1.244154,1.195567,1.042360
2.490490,0.622623,1.147814,1.245423,1.196619,1.042519
2.486486,0.621622,1.148649,1.246689,1.197669,1.042676
2.482482,0.620621,1.149483,1.247951,1.198717,1.042832
2.478478,0.619620,1.150317,1.249211,1.199764,1.042985
2.474474,0.618619,1.151151,1.250467,1.200809,1.043138
2.470470,0.617618,1.151985,1.251719,1.201852,1.043288
2.466466,0.616617,1.152819,1.252969,1.202894,1.043437
2.462462,0.615616,1.153654,1.254215,1.203934,1.043584
2.458458,0.614615,1.154488,1.255458,1.204973,1.043729
2.454454,0.613614,1.155322,1.256698,1.206010,1.043873
2.450450,0.612613,1.156156,1.257934,1.207045,1.044016
2.446446,0.611612,1.156990,1.259167,1.208079,1.044156
2.442442,0.610611,1.157824,1.260397,1.209111,1.044295
2.438438,0.609610,1.158659,1.261624,1.210141,1.044433
2.434434,0.608609,1.159493,1.262848,1.211170,1.044569
2.430430,0.607608,1.160327,1.264068,1.212198,1.044703
2.426426,0.606607,1.161161,1.265285,1.213223,1.044836
2.422422,0.605606,1.161995,1.266499,1.214247,1.044967
2.418418,0.604605,1.162829,1.267710,1.215270,1.045097
2.414414,0.603604,1.163664,1.268918,1.216291,1.045225
2.410410,0.602603,1.164498,1.270122,1.217310,1.045352
2.406406,0.601602,1.165332,1.271324,1.218328,1.045477
2.402402,0.600601,1.166166,1.272522,1.219344,1.045601
2.398398,0.599600,1.167000,1.273717,1.220359,1.045723
2.394394,0.598599,1.167835,1.274909,1.221372,1.045843
2.390390,0.597598,1.168669,1.276098,1.222383,1.045962
2.386386,0.596597,1.169503,1.277284,1.223393,1.046080
2.382382,0.595596,1.170337,1.278467,1.224402,1.046196
2.378378,0.594595,1.171171,1.279647,1.225409,1.046311
2.374374,0.593594,1.172005,1.280823,1.226414,1.046424
2.370370,0.592593,1.172840,1.281997,1.227418,1.046535
2.366366,0.591592,1.173674,1.283167,1.228420,1.046646
2.362362,0.590591,1.174508,1.284335,1.229421,1.046754
2.358358,0.589590,1.175342,1.285499,1.230421,1.046862
2.354354,0.588589,1.176176,1.286661,1.231418,1.046968
2.350350,0.587588,1.177010,1.287819,1.232415,1.047072
2.346346,0.586587,1.177845,1.288974,1.233409,1.047175
2.342342,0.585586,1.178679,1.290127,1.234403,1.047277
2.338338,0.584585,1.179513,1.291276,1.235395,1.047377
2.334334,0.583584,1.180347,1.292423,1.236385,1.047476
2.330330,0.582583,1.181181,1.293566,1.237374,1.047573
2.326326,0.581582,1.182015,1.294706,1.238361,1.047669
2.322322,0.580581,1.182850,1.295844,1.239347,1.047764
2.318318,0.579580,1.183684,1.296979,1.240331,1.047857
2.314314,0.578579,1.184518,1.298110,1.241314,1.047949
2.310310,0.577578,1.185352,1.299239,1.242295,1.048039
2.306306,0.576577,1.186186,1.300365,1.243275,1.048128
2.302302,0.575576,1.187020,1.301487,1.244254,1.048216
2.298298,0.574575,1.187855,1.302607,1.245231,1.048302
2.294294,0.573574,1.188689,1.303724,1.246206,1.048388
2.290290,0.572573,1.189523,1.304838,1.247181,1.048471
2.286286,0.571572,1.190357,1.305949,1.248153,1.048554
2.282282,0.570571,1.191191,1.307058,1.249124,1.048635
2.278278,0.569570,1.192025,1.308163,1.250094,1.048714
2.274274,0.568569,1.192860,1.309266,1.251063,1.048793
2.270270,0.567568,1.193694,1.310365,1.252030,1.048870
2.266266,0.566567,1.194528,1.311462,1.252995,1.048946
2.262262,0.565566,1.195362,1.312556,1.253959,1.049020
2.258258,0.564565,1.196196,1.313647,1.254922,1.049094
2.254254,0.563564,1.197030,1.314736,1.255883,1.049165
2.250250,0.562563,1.197865,1.315821,1.256843,1.049236
2.246246,0.561562,1.198699,1.316904,1.257801,1.049306
2.242242,0.560561,1.199533,1.317983,1.258758,1.049374
2.238238,0.559560,1.200367,1.319060,1.259714,1.049440
2.234234,0.558559,1.201201,1.320135,1.260668,1.049506
2.230230,0.557558,1.202035,1.321206,1.261621,1.049570
2.226226,0.556557,1.202870,1.322275,1.262572,1.049633
2.222222,0.555556,1.203704,1.323341,1.263522,1.049695
2.218218,0.554555,1.204538,1.324404,1.264471,1.049756
2.214214,0.553554,1.205372,1.325464,1.265418,1.049815
2.210210,0.552553,1.206206,1.326522,1.266364,1.049873
2.206206,0.551552,1.207040,1.327576,1.267308,1.049930
2.202202,0.550551,1.207875,1.328628,1.268251,1.049986
2.198198,0.549550,1.208709,1.329678,1.269193,1.050041
2.194194,0.548549,1.209543,1.330724,1.270134,1.050094
2.190190,0.547548,1.210377,1.331768,1.271073,1.050146
2.186186,0.546547,1.211211,1.332809,1.272010,1.050197
2.182182,0.545546,1.212045,1.333848,1.272946,1.050247
2.178178,0.544545,1.212880,1.334883,1.273881,1.050295
2.174174,0.543544,1.213714,1.335916,1.274815,1.050342
2.170170,0.542543,1.214548,1.336947,1.275747,1.050389
2.166166,0.541542,1.215382,1.337974,1.276678,1.050434
2.162162,0.540541,1.216216,1.338999,1.277608,1.050477
2.158158,0.539540,1.217050,1.340021,1.278536,1.050520
2.154154,0.538539,1.217885,1.341041,1.279463,1.050562
2.150150,0.537538,1.218719,1.342058,1.280388,1.050602
2.146146,0.536537,1.219553,1.343072,1.281312,1.050641
2.142142,0.535536,1.220387,1.344084,1.282235,1.050679
2.138138,0.534535,1.221221,1.345093,1.283157,1.050716
2.134134,0.533534,1.222055,1.346099,1.284077,1.050752
2.130130,0.532533,1.222890,1.347103,1.284996,1.050787
2.126126,0.531532,1.223724,1.348104,1.285914,1.050820
2.122122,0.530531,1.224558,1.349102,1.286830,1.050853
2.118118,0.529530,1.225392,1.350098,1.287745,1.050884
2.114114,0.528529,1.226226,1.351091,1.288659,1.050914
2.110110,0.527528,1.227060,1.352082,1.289571,1.050943
2.106106,0.526527,1.227895,1.353070,1.290482,1.050971
2.102102,0.525526,1.228729,1.354055,1.291392,1.050998
2.098098,0.524525,1.229563,1.355038,1.292300,1.051024
2.094094,0.523524,1.230397,1.356018,1.293208,1.051049
2.090090,0.522523,1.231231,1.356996,1.294113,1.051073
2.086086,0.521522,1.232065,1.357971,1.295018,1.051095
2.082082,0.520521,1.232900,1.358943,1.295921,1.051117
2.078078,0.519520,1.233734,1.359913,1.296823,1.051137
2.074074,0.518519,1.234568,1.360880,1.297724,1.051157
2.070070,0.517518,1.235402,1.361845,1.298624,1.051175
2.066066,0.516517,1.236236,1.362808,1.299522,1.051192
2.062062,0.515516,1.237070,1.363767,1.300419,1.051208
2.058058,0.514515,1.237905,1.364724,1.301315,1.051224
2.054054,0.513514,1.238739,1.365679,1.302209,1.051238
2.050050,0.512513,1.239573,1.366631,1.303102,1.051251
2.046046,0.511512,1.240407,1.367581,1.303994,1.051263
2.042042,0.510511,1.241241,1.368528,1.304885,1.051274
2.038038,0.509510,1.242075,1.369473,1.305774,1.051284
2.034034,0.508509,1.242910,1.370415,1.306662,1.051293
2.030030,0.507508,1.243744,1.371354,1.307549,1.051301
2.026026,0.506507,1.244578,1.372291,1.308435,1.051308
2.022022,0.505506,1.245412,1.373226,1.309319,1.051314
2.018018,0.504505,1.246246,1.374158,1.310202,1.051319
2.014014,0.503504,1.247080,1.375088,1.311084,1.051323
2.010010,0.502503,1.247915,1.376015,1.311965,1.051326
2.006006,0.501502,1.248749,1.376940,1.312844,1.051328
2.002002,0.500501,1.249583,1.377862,1.313722,1.051329
1.997998,0.499499,1.250417,1.378782,1.314599,1.051329
1.993994,0.498498,1.251251,1.379699,1.315475,1.051328
1.989990,0.497497,1.252085,1.380614,1.316350,1.051326
1.985986,0.496496,1.252920,1.381527,1.317223,1.051323
1.981982,0.495495,1.253754,1.382437,1.318095,1.051319
1.977978,0.494494,1.254588,1.383344,1.318966,1.051314
1.973974,0.493493,1.255422,1.384249,1.319836,1.051308
1.969970,0.492492,1.256256,1.385152,1.320704,1.051302
1.965966,0.491491,1.257090,1.386052,1.321571,1.051294
1.961962,0.490490,1.257925,1.386950,1.322437,1.051285
1.957958,0.489489,1.258759,1.387846,1.323302,1.051276
1.953954,0.488488,1.259593,1.388739,1.324166,1.051265
1.949950,0.487487,1.260427,1.389630,1.325028,1.051253
1.945946,0.486486,1.261261,1.390518,1.325890,1.051241
1.941942,0.485485,1.262095,1.391404,1.326750,1.051228
1.937938,0.484484,1.262930,1.392287,1.327608,1.051213
1.933934,0.483483,1.263764,1.393168,1.328466,1.051198
1.929930,0.482482,1.264598,1.394047,1.329323,1.051182
1.925926,0.481481,1.265432,1.394923,1.330178,1.051165
1.921922,0.480480,1.266266,1.395797,1.331032,1.051147
1.917918,0.479479,1.267100,1.396669,1.331885,1.051128
1.913914,0.478478,1.267935,1.397538,1.332737,1.051108
1.909910,0.477477,1.268769,1.398405,1.333587,1.051088
1.905906,0.476476,1.269603,1.399270,1.334436,1.051066
1.901902,0.475475,1.270437,1.400132,1.335285,1.051043
1.897898,0.474474,1.271271,1.400992,1.336132,1.051020
1.893894,0.473473,1.272105,1.401850,1.336978,1.050996
1.889890,0.472472,1.272940,1.402705,1.337822,1.050971
1.885886,0.471471,1.273774,1.403558,1.338666,1.050945
1.881882,0.470470,1.274608,1.404408,1.339508,1.050918
1.877878,0.469469,1.275442,1.405257,1.340349,1.050890
1.873874,0.468468,1.276276,1.406102,1.341189,1.050861
1.869870,0.467467,1.277110,1.406946,1.342028,1.050832
1.865866,0.466466,1.277945,1.407787,1.342866,1.050801
1.861862,0.465465,1.278779,1.408626,1.343703,1.050770
1.857858,0.464464,1.279613,1.409463,1.344538,1.050738
1.853854,0.463463,1.280447,1.410297,1.345372,1.050705
1.849850,0.462462,1.281281,1.411130,1.346205,1.050671
1.845846,0.461461,1.282115,1.411959,1.347037,1.050637
1.841842,0.460460,1.282950,1.412787,1.347868,1.050601
1.837838,0.459459,1.283784,1.413612,1.348698,1.050565
1.833834,0.458458,1.284618,1.414435,1.349527,1.050528
1.829830,0.457457,1.285452,1.415256,1.350354,1.050490
1.825826,0.456456,1.286286,1.416074,1.351180,1.050451
1.821822,0.455455,1.287120,1.416891,1.352005,1.050411
1.817818,0.454454,1.287955,1.417704,1.352830,1.050370
1.813814,0.453453,1.288789,1.418516,1.353652,1.050329
1.809810,0.452452,1.289623,1.419326,1.354474,1.050287
1.805806,0.451451,1.290457,1.420133,1.355295,1.050244
1.801802,0.450450,1.291291,1.420938,1.356114,1.050200
1.797798,0.449449,1.292125,1.421740,1.356933,1.050156
1.793794,0.448448,1.292960,1.422541,1.357750,1.050110
1.789790,0.447447,1.293794,1.423339,1.358566,1.050064
1.785786,0.446446,1.294628,1.424135,1.359381,1.050017
1.781782,0.445445,1.295462,1.424929,1.360195,1.049969
1.777778,0.444444,1.296296,1.425720,1.361008,1.049921
1.773774,0.443443,1.297130,1.426510,1.361820,1.049871
1.769770,0.442442,1.297965,1.427297,1.362631,1.049821
1.765766,0.441441,1.298799,1.428081,1.363440,1.049770
1.761762,0.440440,1.299633,1.428864,1.364249,1.049718
1.757758,0.439439,1.300467,1.429645,1.365056,1.049666
1.753754,0.438438,1.301301,1.430423,1.365862,1.049612
1.749750,0.437437,1.302135,1.431199,1.366667,1.049558
1.745746,0.436436,1.302970,1.431973,1.367471,1.049504
1.741742,0.435435,1.303804,1.432745,1.368274,1.049448
1.737738,0.434434,1.304638,1.433514,1.369076,1.049392
1.733734,0.433433,1.305472,1.434281,1.369877,1.049334
1.729730,0.432432,1.306306,1.435047,1.370676,1.049276
1.725726,0.431431,1.307140,1.435810,1.371475,1.049218
1.721722,0.430430,1.307975,1.436570,1.372272,1.049158
1.717718,0.429429,1.308809,1.437329,1.373069,1.049098
1.713714,0.428428,1.309643,1.438085,1.373864,1.049037
1.709710,0.427427,1.310477,1.438840,1.374658,1.048976
1.705706,0.426426,1.311311,1.439592,1.375452,1.048913
1.701702,0.425425,1.312145,1.440342,1.376244,1.048850
1.697698,0.424424,1.312980,1.441090,1.377035,1.048786
1.693694,0.423423,1.313814,1.441835,1.377825,1.048721
1.689690,0.422422,1.314648,1.442579,1.378613,1.048656
1.685686,0.421421,1.315482,1.443320,1.379401,1.048590
1.681682,0.420420,1.316316,1.444060,1.380188,1.048523
1.677678,0.419419,1.317150,1.444797,1.380974,1.048455
1.673674,0.418418,1.317985,1.445532,1.381758,1.048387
1.669670,0.417417,1.318819,1.446265,1.382542,1.048318
1.665666,0.416416,1.319653,1.446995,1.383324,1.048248
1.661662,0.415415,1.320487,1.447724,1.384106,1.048178
1.657658,0.414414,1.321321,1.448450,1.384886,1.048107
1.653654,0.413413,1.322155,1.449175,1.385665,1.048035
1.649650,0.412412,1.322990,1.449897,1.386443,1.047962
1.645646,0.411411,1.323824,1.450617,1.387221,1.047889
1.641642,0.410410,1.324658,1.451335,1.387997,1.047815
1.637638,0.409409,1.325492,1.452051,1.388772,1.047740
1.633634,0.408408,1.326326,1.452765,1.389546,1.047665
1.629630,0.407407,1.327160,1.453477,1.390319,1.047589
1.625626,0.406406,1.327995,1.454187,1.391091,1.047512
1.621622,0.405405,1.328829,1.454894,1.391862,1.047435
1.617618,0.404404,1.329663,1.455600,1.392631,1.047357
1.613614,0.403403,1.330497,1.456303,1.393400,1.047278
1.609610,0.402402,1.331331,1.457004,1.394168,1.047198
1.605606,0.401401,1.332165,1.457704,1.394935,1.047118
1.601602,0.400400,1.333000,1.458401,1.395700,1.047037
1.597598,0.399399,1.333834,1.459096,1.396465,1.046956
1.593594,0.398398,1.334668,1.459789,1.397228,1.046873
1.589590,0.397397,1.335502,1.460480,1.397991,1.046791
1.585586,0.396396,1.336336,1.461169,1.398753,1.046707
1.581582,0.395395,1.337171,1.461856,1.399513,1.046623
1.577578,0.394394,1.338005,1.462540,1.400273,1.046538
1.573574,0.393393,1.338839,1.463223,1.401031,1.046452
1.569570,0.392392,1.339673,1.463904,1.401788,1.046366
1.565566,0.391391,1.340507,1.464582,1.402545,1.046279
1.561562,0.390390,1.341341,1.465259,1.403300,1.046192
1.557558,0.389389,1.342176,1.465934,1.404055,1.046104
1.553554,0.388388,1.343010,1.466606,1.404808,1.046015
1.549550,0.387387,1.343844,1.467277,1.405560,1.045925
1.545546,0.386386,1.344678,1.467945,1.406311,1.045835
1.541542,0.385385,1.345512,1.468611,1.407062,1.045744
1.537538,0.384384,1.346346,1.469276,1.407811,1.045653
1.533534,0.383383,1.347181,1.469938,1.408559,1.045561
1.529530,0.382382,1.348015,1.470598,1.409306,1.045468
1.525526,0.381381,1.348849,1.471257,1.410053,1.045375
1.521522,0.380380,1.349683,1.471913,1.410798,1.045281
1.517518,0.379379,1.350517,1.472567,1.411542,1.045186
1.513514,0.378378,1.351351,1.473219,1.412285,1.045091
1.509510,0.377377,1.352186,1.473870,1.413028,1.044995
1.505506,0.376376,1.353020,1.474518,1.413769,1.044899
1.501502,0.375375,1.353854,1.475164,1.414509,1.044802
1.497497,0.374374,1.354688,1.475808,1.415248,1.044704
1.493493,0.373373,1.355522,1.476450,1.415986,1.044606
1.489489,0.372372,1.356356,1.477091,1.416723,1.044507
1.485485,0.371371,1.357191,1.477729,1.417460,1.044407
1.481481,0.370370,1.358025,1.478365,1.418195,1.044307
1.477477,0.369369,1.358859,1.478999,1.418929,1.044206
1.473473,0.368368,1.359693,1.479632,1.419662,1.044105
1.469469,0.367367,1.360527,1.480262,1.420394,1.044003
1.465465,0.366366,1.361361,1.480890,1.421126,1.043900
1.461461,0.365365,1.362196,1.481516,1.421856,1.043797
1.457457,0.364364,1.363030,1.482141,1.422585,1.043693
1.453453,0.363363,1.363864,1.482763,1.423313,1.043589
1.449449,0.362362,1.364698,1.483383,1.424041,1.043484
1.445445,0.361361,1.365532,1.484002,1.424767,1.043379
1.441441,0.360360,1.366366,1.484618,1.425492,1.043272
1.437437,0.359359,1.367201,1.485233,1.426217,1.043166
1.433433,0.358358,1.368035,1.485845,1.426940,1.043058
1.429429,0.357357,1.368869,1.486456,1.427662,1.042950
1.425425,0.356356,1.369703,1.487064,1.428384,1.042842
1.421421,0.355355,1.370537,1.487671,1.429104,1.042733
1.417417,0.354354,1.371371,1.488276,1.429824,1.042623
1.413413,0.353353,1.372206,1.488878,1.430542,1.042513
1.409409,0.352352,1.373040,1.489479,1.431259,1.042402
1.405405,0.351351,1.373874,1.490078,1.431976,1.042291
1.401401,0.350350,1.374708,1.490675,1.432692,1.042179
1.397397,0.349349,1.375542,1.491270,1.433406,1.042066
1.393393,0.348348,1.376376,1.491863,1.434120,1.041953
1.389389,0.347347,1.377211,1.492454,1.434832,1.041839
1.385385,0.346346,1.378045,1.493043,1.435544,1.041725
1.381381,0.345345,1.378879,1.493630,1.436255,1.041610
1.377377,0.344344,1.379713,1.494216,1.436964,1.041495
1.373373,0.343343,1.380547,1.494799,1.437673,1.041379
1.369369,0.342342,1.381381,1.495381,1.438381,1.041263
1.365365,0.341341,1.382216,1.495960,1.439088,1.041146
1.361361,0.340340,1.383050,1.496538,1.439794,1.041028
1.357357,0.339339,1.383884,1.497113,1.440499,1.040910
1.353353,0.338338,1.384718,1.497687,1.441203,1.040791
1.349349,0.337337,1.385552,1.498259,1.441906,1.040672
1.345345,0.336336,1.386386,1.498829,1.442608,1.040552
1.341341,0.335335,1.387221,1.499397,1.443309,1.040432
1.337337,0.334334,1.388055,1.499963,1.444009,1.040311
1.333333,0.333333,1.388889,1.500527,1.444708,1.040190
1.329329,0.332332,1.389723,1.501090,1.445406,1.040068
1.325325,0.331331,1.390557,1.501650,1.446104,1.039945
1.321321,0.330330,1.391391,1.502208,1.446800,1.039822
1.317317,0.329329,1.392226,1.502765,1.447495,1.039699
1.313313,0.328328,1.393060,1.503320,1.448190,1.039575
1.309309,0.327327,1.393894,1.503873,1.448883,1.039450
1.305305,0.326326,1.394728,1.504424,1.449576,1.039325
1.301301,0.325325,1.395562,1.504973,1.450267,1.039199
1.297297,0.324324,1.396396,1.505520,1.450958,1.039073
1.293293,0.323323,1.397231,1.506065,1.451648,1.038946
1.289289,0.322322,1.398065,1.506608,1.452337,1.038819
1.285285,0.321321,1.398899,1.507150,1.453024,1.038692
1.281281,0.320320,1.399733,1.507690,1.453711,1.038563
1.277277,0.319319,1.400567,1.508227,1.454397,1.038434
1.273273,0.318318,1.401401,1.508763,1.455082,1.038305
1.269269,0.317317,1.402236,1.509297,1.455766,1.038175
1.265265,0.316316,1.403070,1.509829,1.456450,1.038045
1.261261,0.315315,1.403904,1.510360,1.457132,1.037914
1.257257,0.314314,1.404738,1.510888,1.457813,1.037783
1.253253,0.313313,1.405572,1.511415,1.458493,1.037651
1.249249,0.312312,1.406406,1.511939,1.459173,1.037519
1.245245,0.311311,1.407241,1.512462,1.459851,1.037386
1.241241,0.310310,1.408075,1.512983,1.460529,1.037252
1.237237,0.309309,1.408909,1.513502,1.461206,1.037119
1.233233,0.308308,1.409743,1.514019,1.461881,1.036984
1.229229,0.307307,1.410577,1.514535,1.462556,1.036849
1.225225,0.306306,1.411411,1.515048,1.463230,1.036714
1.221221,0.305305,1.412246,1.515560,1.463903,1.036578
1.217217,0.304304,1.413080,1.516070,1.464575,1.036442
1.213213,0.303303,1.413914,1.516578,1.465246,1.036305
1.209209,0.302302,1.414748,1.517084,1.465916,1.036168
1.205205,0.301301,1.415582,1.517589,1.466585,1.036030
1.201201,0.300300,1.416416,1.518091,1.467254,1.035891
1.197197,0.299299,1.417251,1.518592,1.467921,1.035753
1.193193,0.298298,1.418085,1.519090,1.468588,1.035613
1.189189,0.297297,1.418919,1.519587,1.469253,1.035474
1.185185,0.296296,1.419753,1.520083,1.469918,1.035333
1.181181,0.295295,1.420587,1.520576,1.470582,1.035193
1.177177,0.294294,1.421421,1.521067,1.471244,1.035052
1.173173,0.293293,1.422256,1.521557,1.471906,1.034910
1.169169,0.292292,1.423090,1.522045,1.472567,1.034768
1.165165,0.291291,1.423924,1.522531,1.473227,1.034625
1.161161,0.290290,1.424758,1.523015,1.473887,1.034482
1.157157,0.289289,1.425592,1.523498,1.474545,1.034338
1.153153,0.288288,1.426426,1.523978,1.475202,1.034194
1.149149,0.287287,1.427261,1.524457,1.475859,1.034050
1.145145,0.286286,1.428095,1.524934,1.476514,1.033905
1.141141,0.285285,1.428929,1.525409,1.477169,1.033760
1.137137,0.284284,1.429763,1.525882,1.477823,1.033614
1.133133,0.283283,1.430597,1.526354,1.478475,1.033467
1.129129,0.282282,1.431431,1.526823,1.479127,1.033320
1.125125,0.281281,1.432266,1.527291,1.479778,1.033173
1.121121,0.280280,1.433100,1.527757,1.480429,1.033025
1.117117,0.279279,1.433934,1.528222,1.481078,1.032877
1.113113,0.278278,1.434768,1.528684,1.481726,1.032729
1.109109,0.277277,1.435602,1.529145,1.482373,1.032580
1.105105,0.276276,1.436436,1.529604,1.483020,1.032430
1.101101,0.275275,1.437271,1.530061,1.483666,1.032280
1.097097,0.274274,1.438105,1.530516,1.484310,1.032129
1.093093,0.273273,1.438939,1.530969,1.484954,1.031979
1.089089,0.272272,1.439773,1.531421,1.485597,1.031827
1.085085,0.271271,1.440607,1.531871,1.486239,1.031675
1.081081,0.270270,1.441441,1.532319,1.486880,1.031523
1.077077,0.269269,1.442276,1.532765,1.487521,1.031371
1.073073,0.268268,1.443110,1.533210,1.488160,1.031217
1.069069,0.267267,1.443944,1.533653,1.488798,1.031064
1.065065,0.266266,1.444778,1.534094,1.489436,1.030910
1.061061,0.265265,1.445612,1.534533,1.490073,1.030755
1.057057,0.264264,1.446446,1.534970,1.490708,1.030600
1.053053,0.263263,1.447281,1.535406,1.491343,1.030445
1.049049,0.262262,1.448115,1.535840,1.491977,1.030289
1.045045,0.261261,1.448949,1.536272,1.492610,1.030133
1.041041,0.260260,1.449783,1.536702,1.493243,1.029977
1.037037,0.259259,1.450617,1.537131,1.493874,1.029820
1.033033,0.258258,1.451451,1.537558,1.494505,1.029662
1.029029,0.257257,1.452286,1.537983,1.495134,1.029504
1.025025,0.256256,1.453120,1.538406,1.495763,1.029346
1.021021,0.255255,1.453954,1.538827,1.496391,1.029187
1.017017,0.254254,1.454788,1.539247,1.497018,1.029028
1.013013,0.253253,1.455622,1.539665,1.497644,1.028868
1.009009,0.252252,1.456456,1.540081,1.498269,1.028708
1.005005,0.251251,1.457291,1.540496,1.498893,1.028548
1.001001,0.250250,1.458125,1.540908,1.499517,1.028387
0.996997,0.249249,1.458959,1.541319,1.500139,1.028226
0.992993,0.248248,1.459793,1.541728,1.500761,1.028064
0.988989,0.247247,1.460627,1.542136,1.501381,1.027902
0.984985,0.246246,1.461461,1.542541,1.502001,1.027739
0.980981,0.245245,1.462296,1.542945,1.502620,1.027576
0.976977,0.244244,1.463130,1.543347,1.503239,1.027413
0.972973,0.243243,1.463964,1.543748,1.503856,1.027249
0.968969,0.242242,1.464798,1.544146,1.504472,1.027085
0.964965,0.241241,1.465632,1.544543,1.505088,1.026920
0.960961,0.240240,1.466466,1.544938,1.505702,1.026755
0.956957,0.239239,1.467301,1.545332,1.506316,1.026590
0.952953,0.238238,1.468135,1.545724,1.506929,1.026424
0.948949,0.237237,1.468969,1.546113,1.507541,1.026258
0.944945,0.236236,1.469803,1.546502,1.508152,1.026091
0.940941,0.235235,1.470637,1.546888,1.508763,1.025924
0.936937,0.234234,1.471471,1.547273,1.509372,1.025757
0.932933,0.233233,1.472306,1.547656,1.509981,1.025589
0.928929,0.232232,1.473140,1.548037,1.510588,1.025421
0.924925,0.231231,1.473974,1.548417,1.511195,1.025252
0.920921,0.230230,1.474808,1.548794,1.511801,1.025083
0.916917,0.229229,1.475642,1.549170,1.512406,1.024914
0.912913,0.228228,1.476476,1.549545,1.513011,1.024744
0.908909,0.227227,1.477311,1.549917,1.513614,1.024574
0.904905,0.226226,1.478145,1.550288,1.514216,1.024403
0.900901,0.225225,1.478979,1.550657,1.514818,1.024232
0.896897,0.224224,1.479813,1.551025,1.515419,1.024061
0.892893,0.223223,1.480647,1.551390,1.516019,1.023889
0.888889,0.222222,1.481481,1.551754,1.516618,1.023717
0.884885,0.221221,1.482316,1.552117,1.517216,1.023545
0.880881,0.220220,1.483150,1.552477,1.517813,1.023372
0.876877,0.219219,1.483984,1.552836,1.518410,1.023198
0.872873,0.218218,1.484818,1.553193,1.519006,1.023025
0.868869,0.217217,1.485652,1.553548,1.519600,1.022851
0.864865,0.216216,1.486486,1.553902,1.520194,1.022676
0.860861,0.215215,1.487321,1.554254,1.520787,1.022501
0.856857,0.214214,1.488155,1.554604,1.521380,1.022326
0.852853,0.213213,1.488989,1.554953,1.521971,1.022151
0.848849,0.212212,1.489823,1.555300,1.522561,1.021975
0.844845,0.211211,1.490657,1.555645,1.523151,1.021798
0.840841,0.210210,1.491491,1.555988,1.523740,1.021622
0.836837,0.209209,1.492326,1.556330,1.524328,1.021444
0.832833,0.208208,1.493160,1.556670,1.524915,1.021267
0.828829,0.207207,1.493994,1.557008,1.525501,1.021089
0.824825,0.206206,1.494828,1.557345,1.526086,1.020911
0.820821,0.205205,1.495662,1.557680,1.526671,1.020732
0.816817,0.204204,1.496496,1.558013,1.527255,1.020553
0.812813,0.203203,1.497331,1.558344,1.527837,1.020374
0.808809,0.202202,1.498165,1.558674,1.528419,1.020194
0.804805,0.201201,1.498999,1.559002,1.529001,1.020014
0.800801,0.200200,1.499833,1.559329,1.529581,1.019834
0.796797,0.199199,1.500667,1.559653,1.530160,1.019653
0.792793,0.198198,1.501502,1.559976,1.530739,1.019472
0.788789,0.197197,1.502336,1.560298,1.531317,1.019291
0.784785,0.196196,1.503170,1.560617,1.531893,1.019109
0.780781,0.195195,1.504004,1.560935,1.532470,1.018926
0.776777,0.194194,1.504838,1.561251,1.533045,1.018744
0.772773,0.193193,1.505672,1.561566,1.533619,1.018561
0.768769,0.192192,1.506507,1.561879,1.534193,1.018378
0.764765,0.191191,1.507341,1.562190,1.534765,1.018194
0.760761,0.190190,1.508175,1.562499,1.535337,1.018010
0.756757,0.189189,1.509009,1.562807,1.535908,1.017826
0.752753,0.188188,1.509843,1.563113,1.536478,1.017641
0.748749,0.187187,1.510677,1.563418,1.537047,1.017456
0.744745,0.186186,1.511512,1.563720,1.537616,1.017270
0.740741,0.185185,1.512346,1.564021,1.538184,1.017085
0.736737,0.184184,1.513180,1.564321,1.538750,1.016899
0.732733,0.183183,1.514014,1.564619,1.539316,1.016712
0.728729,0.182182,1.514848,1.564915,1.539881,1.016525
0.724725,0.181181,1.515682,1.565209,1.540446,1.016338
0.720721,0.180180,1.516517,1.565502,1.541009,1.016151
0.716717,0.179179,1.517351,1.565793,1.541572,1.015963
0.712713,0.178178,1.518185,1.566082,1.542133,1.015774
0.708709,0.177177,1.519019,1.566369,1.542694,1.015586
0.704705,0.176176,1.519853,1.566655,1.543254,1.015397
0.700701,0.175175,1.520687,1.566940,1.543814,1.015208
0.696697,0.174174,1.521522,1.567222,1.544372,1.015018
0.692693,0.173173,1.522356,1.567503,1.544930,1.014828
0.688689,0.172172,1.523190,1.567783,1.545486,1.014638
0.684685,0.171171,1.524024,1.568060,1.546042,1.014447
0.680681,0.170170,1.524858,1.568336,1.546597,1.014256
0.676677,0.169169,1.525692,1.568610,1.547151,1.014065
0.672673,0.168168,1.526527,1.568883,1.547705,1.013874
0.668669,0.167167,1.527361,1.569154,1.548257,1.013682
0.664665,0.166166,1.528195,1.569423,1.548809,1.013489
0.660661,0.165165,1.529029,1.569691,1.549360,1.013297
0.656657,0.164164,1.529863,1.569957,1.549910,1.013104
0.652653,0.163163,1.530697,1.570221,1.550459,1.012910
0.648649,0.162162,1.531532,1.570484,1.551008,1.012717
0.644645,0.161161,1.532366,1.570745,1.551555,1.012523
0.640641,0.160160,1.533200,1.571004,1.552102,1.012329
0.636637,0.159159,1.534034,1.571262,1.552648,1.012134
0.632633,0.158158,1.534868,1.571518,1.553193,1.011939
0.628629,0.157157,1.535702,1.571772,1.553737,1.011744
0.624625,0.156156,1.536537,1.572025,1.554281,1.011548
0.620621,0.155155,1.537371,1.572276,1.554823,1.011352
0.616617,0.154154,1.538205,1.572525,1.555365,1.011156
0.612613,0.153153,1.539039,1.572773,1.555906,1.010959
0.608609,0.152152,1.539873,1.573019,1.556446,1.010763
0.604605,0.151151,1.540707,1.573264,1.556985,1.010565
0.600601,0.150150,1.541542,1.573506,1.557524,1.010368
0.596597,0.149149,1.542376,1.573747,1.558062,1.010170
0.592593,0.148148,1.543210,1.573987,1.558598,1.009972
0.588589,0.147147,1.544044,1.574225,1.559134,1.009773
0.584585,0.146146,1.544878,1.574461,1.559670,1.009574
0.580581,0.145145,1.545712,1.574696,1.560204,1.009375
0.576577,0.144144,1.546547,1.574928,1.560737,1.009176
0.572573,0.143143,1.547381,1.575160,1.561270,1.008976
0.568569,0.142142,1.548215,1.575389,1.561802,1.008776
0.564565,0.141141,1.549049,1.575617,1.562333,1.008576
0.560561,0.140140,1.549883,1.575844,1.562863,1.008375
0.556557,0.139139,1.550717,1.576068,1.563393,1.008174
0.552553,0.138138,1.551552,1.576291,1.563921,1.007973
0.548549,0.137137,1.552386,1.576513,1.564449,1.007771
0.544545,0.136136,1.553220,1.576732,1.564976,1.007569
0.540541,0.135135,1.554054,1.576950,1.565502,1.007367
0.536537,0.134134,1.554888,1.577167,1.566028,1.007164
0.532533,0.133133,1.555722,1.577382,1.566552,1.006961
0.528529,0.132132,1.556557,1.577595,1.567076,1.006758
0.524525,0.131131,1.557391,1.577806,1.567599,1.006554
0.520521,0.130130,1.558225,1.578016,1.568121,1.006351
0.516517,0.129129,1.559059,1.578225,1.568642,1.006147
0.512513,0.128128,1.559893,1.578431,1.569162,1.005942
0.508509,0.127127,1.560727,1.578636,1.569682,1.005737
0.504505,0.126126,1.561562,1.578840,1.570201,1.005532
0.500501,0.125125,1.562396,1.579041,1.570719,1.005327
0.496496,0.124124,1.563230,1.579242,1.571236,1.005121
0.492492,0.123123,1.564064,1.579440,1.571752,1.004915
0.488488,0.122122,1.564898,1.579637,1.572268,1.004709
0.484484,0.121121,1.565732,1.579832,1.572782,1.004503
0.480480,0.120120,1.566567,1.580026,1.573296,1.004296
0.476476,0.119119,1.567401,1.580218,1.573809,1.004089
0.472472,0.118118,1.568235,1.580408,1.574321,1.003881
0.468468,0.117117,1.569069,1.580597,1.574833,1.003673
0.464464,0.116116,1.569903,1.580784,1.575343,1.003465
0.460460,0.115115,1.570737,1.580969,1.575853,1.003257
0.456456,0.114114,1.571572,1.581153,1.576362,1.003048
0.452452,0.113113,1.572406,1.581335,1.576870,1.002839
0.448448,0.112112,1.573240,1.581516,1.577378,1.002630
0.444444,0.111111,1.574074,1.581695,1.577884,1.002421
0.440440,0.110110,1.574908,1.581872,1.578390,1.002211
0.436436,0.109109,1.575742,1.582048,1.578895,1.002001
0.432432,0.108108,1.576577,1.582222,1.579399,1.001790
0.428428,0.107107,1.577411,1.582394,1.579902,1.001580
0.424424,0.106106,1.578245,1.582565,1.580405,1.001369
0.420420,0.105105,1.579079,1.582734,1.580907,1.001157
0.416416,0.104104,1.579913,1.582902,1.581407,1.000946
0.412412,0.103103,1.580747,1.583068,1.581907,1.000734
0.408408,0.102102,1.581582,1.583232,1.582407,1.000522
0.404404,0.101101,1.582416,1.583395,1.582905,1.000309
0.400400,0.100100,1.583250,1.583556,1.583403,1.000097
0.396396,0.099099,1.584084,1.583715,1.583900,0.999884
0.392392,0.098098,1.584918,1.583873,1.584396,0.999670
0.388388,0.097097,1.585752,1.584029,1.584891,0.999457
0.384384,0.096096,1.586587,1.584184,1.585385,0.999243
0.380380,0.095095,1.587421,1.584337,1.585879,0.999029
0.376376,0.094094,1.588255,1.584488,1.586372,0.998814
0.372372,0.093093,1.589089,1.584638,1.586864,0.998599
0.368368,0.092092,1.589923,1.584786,1.587355,0.998384
0.364364,0.091091,1.590757,1.584933,1.587845,0.998169
0.360360,0.090090,1.591592,1.585078,1.588335,0.997954
0.356356,0.089089,1.592426,1.585221,1.588823,0.997738
0.352352,0.088088,1.593260,1.585363,1.589311,0.997522
0.348348,0.087087,1.594094,1.585503,1.589798,0.997305
0.344344,0.086086,1.594928,1.585641,1.590285,0.997089
0.340340,0.085085,1.595762,1.585778,1.590770,0.996872
0.336336,0.084084,1.596597,1.585913,1.591255,0.996654
0.332332,0.083083,1.597431,1.586047,1.591739,0.996437
0.328328,0.082082,1.598265,1.586179,1.592222,0.996219
0.324324,0.081081,1.599099,1.586309,1.592704,0.996001
0.320320,0.080080,1.599933,1.586438,1.593186,0.995783
0.316316,0.079079,1.600767,1.586565,1.593666,0.995564
0.312312,0.078078,1.601602,1.586691,1.594146,0.995345
0.308308,0.077077,1.602436,1.586815,1.594625,0.995126
0.304304,0.076076,1.603270,1.586937,1.595104,0.994906
0.300300,0.075075,1.604104,1.587058,1.595581,0.994687
0.296296,0.074074,1.604938,1.587177,1.596058,0.994467
0.292292,0.073073,1.605772,1.587295,1.596534,0.994246
0.288288,0.072072,1.606607,1.587410,1.597009,0.994026
0.284284,0.071071,1.607441,1.587525,1.597483,0.993805
0.280280,0.070070,1.608275,1.587638,1.597956,0.993584
0.276276,0.069069,1.609109,1.587749,1.598429,0.993363
0.272272,0.068068,1.609943,1.587858,1.598901,0.993141
0.268268,0.067067,1.610777,1.587966,1.599372,0.992919
0.264264,0.066066,1.611612,1.588072,1.599842,0.992697
0.260260,0.065065,1.612446,1.588177,1.600311,0.992475
0.256256,0.064064,1.613280,1.588280,1.600780,0.992252
0.252252,0.063063,1.614114,1.588382,1.601248,0.992029
0.248248,0.062062,1.614948,1.588481,1.601715,0.991806
0.244244,0.061061,1.615782,1.588580,1.602181,0.991582
0.240240,0.060060,1.616617,1.588676,1.602646,0.991358
0.236236,0.059059,1.617451,1.588771,1.603111,0.991134
0.232232,0.058058,1.618285,1.588865,1.603575,0.990910
0.228228,0.057057,1.619119,1.588957,1.604038,0.990686
0.224224,0.056056,1.619953,1.589047,1.604500,0.990461
0.220220,0.055055,1.620787,1.589136,1.604962,0.990236
0.216216,0.054054,1.621622,1.589223,1.605422,0.990010
0.212212,0.053053,1.622456,1.589308,1.605882,0.989785
0.208208,0.052052,1.623290,1.589392,1.606341,0.989559
0.204204,0.051051,1.624124,1.589474,1.606799,0.989333
0.200200,0.050050,1.624958,1.589555,1.607257,0.989106
0.196196,0.049049,1.625792,1.589634,1.607713,0.988880
0.192192,0.048048,1.626627,1.589711,1.608169,0.988653
0.188188,0.047047,1.627461,1.589787,1.608624,0.988426
0.184184,0.046046,1.628295,1.589861,1.609078,0.988198
0.180180,0.045045,1.629129,1.589934,1.609532,0.987971
0.176176,0.044044,1.629963,1.590005,1.609984,0.987743
0.172172,0.043043,1.630797,1.590074,1.610436,0.987514
0.168168,0.042042,1.631632,1.590142,1.610887,0.987286
0.164164,0.041041,1.632466,1.590208,1.611337,0.987057
0.160160,0.040040,1.633300,1.590273,1.611787,0.986828
0.156156,0.039039,1.634134,1.590336,1.612235,0.986599
0.152152,0.038038,1.634968,1.590398,1.612683,0.986370
0.148148,0.037037,1.635802,1.590457,1.613130,0.986140
0.144144,0.036036,1.636637,1.590516,1.613576,0.985910
0.140140,0.035035,1.637471,1.590572,1.614022,0.985680
0.136136,0.034034,1.638305,1.590627,1.614466,0.985449
0.132132,0.033033,1.639139,1.590681,1.614910,0.985218
0.128128,0.032032,1.639973,1.590733,1.615353,0.984987
0.124124,0.031031,1.640807,1.590783,1.615795,0.984756
0.120120,0.030030,1.641642,1.590832,1.616237,0.984525
0.116116,0.029029,1.642476,1.590879,1.616677,0.984293
0.112112,0.028028,1.643310,1.590924,1.617117,0.984061
0.108108,0.027027,1.644144,1.590968,1.617556,0.983829
0.104104,0.026026,1.644978,1.591010,1.617994,0.983596
0.100100,0.025025,1.645812,1.591051,1.618432,0.983363
0.096096,0.024024,1.646647,1.591090,1.618868,0.983130
0.092092,0.023023,1.647481,1.591128,1.619304,0.982897
0.088088,0.022022,1.648315,1.591163,1.619739,0.982664
0.084084,0.021021,1.649149,1.591198,1.620173,0.982430
0.080080,0.020020,1.649983,1.591230,1.620607,0.982196
0.076076,0.019019,1.650817,1.591262,1.621040,0.981962
0.072072,0.018018,1.651652,1.591291,1.621471,0.981727
0.068068,0.017017,1.652486,1.591319,1.621902,0.981492
0.064064,0.016016,1.653320,1.591345,1.622333,0.981258
0.060060,0.015015,1.654154,1.591370,1.622762,0.981022
0.056056,0.014014,1.654988,1.591393,1.623191,0.980787
0.052052,0.013013,1.655822,1.591415,1.623619,0.980551
0.048048,0.012012,1.656657,1.591435,1.624046,0.980315
0.044044,0.011011,1.657491,1.591453,1.624472,0.980079
0.040040,0.010010,1.658325,1.591470,1.624897,0.979843
0.036036,0.009009,1.659159,1.591485,1.625322,0.979606
0.032032,0.008008,1.659993,1.591498,1.625746,0.979369
0.028028,0.007007,1.660827,1.591510,1.626169,0.979132
0.024024,0.006006,1.661662,1.591521,1.626591,0.978894
0.020020,0.005005,1.662496,1.591529,1.627013,0.978657
0.016016,0.004004,1.663330,1.591537,1.627433,0.978419
0.012012,0.003003,1.664164,1.591542,1.627853,0.978181
0.008008,0.002002,1.664998,1.591546,1.628272,0.977942
0.004004,0.001001,1.665832,1.591549,1.628691,0.977704
0.000000,0.000000,1.666667,1.591549,1.629108,0.977465
